init:XRmath
pi=3.1415926535897932384626
e=2.718281828459045235360287
phi=1.618033988749894848204586
tau=6.283185307179586476925286
retrun: